-3.8290697
-2.4171257
-2.0170162
-3.7974161
-2.8667518
-2.4526167
-1.9423907
-1.4306463
-1.7114392
1.6678789
-1.9258988
-2.2481575
-5.0927275
-3.4517535
-2.6413635
-2.5232077
1.2928801
1.1628251
-2.861578
1.6030304
1.7932851
-4.2046376
-3.4329651
-2.6517338
-2.8976165
-3.1910958
-3.585834
1.4396046
-1.9585124
-4.9298811
-3.9723498
1.1066192
1.2911524
1.5393422
-4.5280325
-3.5589947
1.251067
-3.0161638
-4.4305926
-3.0976924
1.3439032
-1.2975151
1.4877504
-3.6364855
1.1490223
