12.829049
-13.888611
-19.393975
18.96039
-8.1084768
-9.1450705
-13.769528
-26.763503
-20.787907
-72.794192
-19.833696
-15.552773
22.705386
12.345069
-13.575644
-8.4962363
-68.10259
-60.882694
-7.534417
-71.064418
-75.548389
17.013773
9.3984665
-9.1008342
-2.2077039
-2.6778942
20.54969
-72.041523
-17.633664
22.630585
21.44434
-66.238419
-70.713278
-73.943816
13.56796
15.633638
-65.49189
1.5511393
15.261081
-0.54507281
-70.57893
-26.091727
-71.974356
6.3847438
-67.252189
