-1.4689851
0.74078175
-0.28587952
-2.9019829
1.0022907
-0.91465264
-0.67708017
0.68957523
1.6852626
-0.93435908
0.92784927
0.30770103
1.6285977
-0.49564566
0.92819982
-0.36137311
-0.50620075
-2.5996469
0.13242625
-2.0458409
-3.9048826
-0.24592951
0.22023926
-0.18046489
1.5624313
0.605807
-2.1637497
-1.4668704
-0.70840437
0.69925287
-1.8418832
-2.5083157
-0.4120526
-1.8987226
1.2815666
-2.2985487
-0.84724806
-1.0121433
1.1809082
-0.21478129
-0.3150882
0.43369945
-1.2949386
-0.22340617
-0.67162196
